0.005294084548950195 0 0
0.022186756134033203 1 2
0.03869509696960449 3 87
0.05478858947753906 5 173
0.07181048393249512 9 216
0.08925676345825195 14 270
0.10484766960144043 19 302
0.1218266487121582 25 328
0.13770508766174316 31 349
0.1550741195678711 37 367
0.17183208465576172 43 380
0.1877448558807373 50 388
0.20542287826538086 57 392
0.22202634811401367 63 400
0.23814773559570312 70 405
0.25539517402648926 77 406
0.2720601558685303 83 411
0.28817200660705566 91 414
0.30539464950561523 98 412
0.3222019672393799 105 415
0.33870744705200195 111 418
0.35590600967407227 119 417
0.3724522590637207 125 414
0.389190673828125 132 416
0.4059865474700928 139 421
0.4225952625274658 146 415
0.4395461082458496 153 416
0.4565138816833496 161 418
0.4731621742248535 167 419
0.4898214340209961 174 415
0.506890058517456 181 417
0.5234136581420898 188 419
0.5402510166168213 195 418
0.5571086406707764 202 418
0.5734820365905762 209 420
0.5903100967407227 217 420
0.6070594787597656 223 415
0.6236445903778076 230 419
0.64034104347229 237 421
0.6561172008514404 244 416
0.6727075576782227 251 416
0.6895849704742432 257 419
0.7055575847625732 265 416
0.7221758365631104 272 416
0.7386448383331299 278 419
0.7544546127319336 285 420
0.7716012001037598 292 418
0.7875049114227295 299 418
0.8041958808898926 306 422
0.8211772441864014 313 418
0.8374099731445312 320 417
0.8540232181549072 327 416
0.8711695671081543 333 420
0.8867435455322266 340 419
0.9035458564758301 347 418
0.920264482498169 354 419
0.936053991317749 361 416
0.9535951614379883 368 417
0.9704511165618896 375 420
0.986311674118042 382 421
1.002833366394043 389 419
