0.005045175552368164 0 0
0.02152252197265625 0 8
0.03835415840148926 4 36
0.05742812156677246 10 342
0.07874774932861328 21 483
0.09588932991027832 30 561
0.11227798461914062 40 630
0.12902450561523438 51 675
0.14551067352294922 64 717
0.16231083869934082 76 753
0.1790611743927002 88 774
0.19587922096252441 103 797
0.2122669219970703 116 810
0.22908997535705566 130 823
0.2448873519897461 144 837
0.2615013122558594 158 842
0.2783942222595215 171 852
0.29442262649536133 186 852
0.3111720085144043 200 856
0.32791852951049805 214 862
0.3440711498260498 228 863
0.36077213287353516 242 868
0.3769187927246094 257 869
0.3930399417877197 271 873
0.40994811058044434 285 873
0.4255185127258301 299 872
0.4423987865447998 313 877
0.4595050811767578 329 875
0.4804718494415283 346 876
0.49637532234191895 362 879
0.5128014087677002 376 878
0.5298826694488525 390 878
0.545468807220459 408 878
0.5669505596160889 424 875
0.5839097499847412 438 877
0.6006848812103271 452 878
0.6169090270996094 468 879
0.6329457759857178 482 881
0.6499793529510498 496 879
0.6655535697937012 510 880
0.6819348335266113 524 878
0.6986446380615234 538 877
0.724217414855957 564 878
0.7441585063934326 580 881
0.7651534080505371 598 881
0.7976298332214355 628 879
0.8158495426177979 642 876
0.8322927951812744 656 878
0.8490526676177979 672 878
0.8648648262023926 691 878
0.8891444206237793 707 880
0.9064536094665527 723 880
0.9228336811065674 737 880
0.9399552345275879 751 879
0.9555373191833496 765 881
0.9722261428833008 779 879
0.989210844039917 795 881
1.0051019191741943 809 879
