0.00891733169555664 0 0
0.03409147262573242 2 55
0.05057096481323242 5 224
0.06753325462341309 12 393
0.08327937126159668 21 512
0.10004377365112305 31 653
0.11673283576965332 43 749
0.13274216651916504 58 832
0.14951634407043457 72 890
0.16648364067077637 88 937
0.18243813514709473 105 977
0.19907164573669434 121 997
0.21561527252197266 138 1022
0.23277544975280762 156 1044
0.24938082695007324 173 1057
0.26630091667175293 190 1066
0.28203582763671875 210 1082
0.30355143547058105 231 1083
0.32035207748413086 249 1091
0.33713364601135254 268 1094
0.3586862087249756 290 1099
0.3749518394470215 310 1103
0.3914813995361328 328 1106
0.40850329399108887 346 1109
0.42438316345214844 366 1110
0.44083595275878906 384 1110
0.4580357074737549 402 1111
0.4736185073852539 419 1109
0.49045562744140625 437 1115
0.5071926116943359 457 1113
0.5229878425598145 475 1115
0.5396294593811035 493 1115
0.5565688610076904 510 1114
0.5727472305297852 531 1118
0.5894594192504883 548 1116
0.6064040660858154 566 1118
0.6225383281707764 586 1117
0.6392827033996582 604 1117
0.6560688018798828 622 1116
0.6717145442962646 640 1119
0.688807487487793 667 1117
0.710667610168457 685 1120
0.7279536724090576 703 1117
0.7435770034790039 721 1120
0.7603118419647217 738 1120
0.7771809101104736 759 1118
0.7929964065551758 777 1117
0.809978723526001 794 1118
0.8266360759735107 812 1118
0.8425753116607666 832 1118
0.8592066764831543 850 1121
0.8761160373687744 868 1117
0.8928244113922119 888 1121
0.909440279006958 906 1116
0.9264020919799805 924 1121
0.9422905445098877 944 1118
0.9597420692443848 962 1119
0.9766111373901367 980 1120
0.9927535057067871 1000 1122
1.0103685855865479 1018 1119