0.005095005035400391 0 0
0.021628856658935547 1 6
0.03848838806152344 4 135
0.05441570281982422 9 280
0.07114529609680176 15 355
0.08801150321960449 21 409
0.10364198684692383 29 461
0.12067818641662598 37 499
0.13804101943969727 47 531
0.1538546085357666 55 553
0.17061209678649902 65 577
0.18685317039489746 75 587
0.20393824577331543 85 603
0.22065377235412598 95 610
0.23686480522155762 106 619
0.25396227836608887 116 624
0.2708718776702881 126 628
0.2869541645050049 137 634
0.30440664291381836 149 635
0.32099175453186035 159 640
0.3374917507171631 169 640
0.35460758209228516 181 645
0.37192249298095703 191 643
0.38863420486450195 203 647
0.40554237365722656 213 644
0.42232537269592285 223 643
0.4390857219696045 235 647
0.45592212677001953 245 647
0.4723169803619385 256 649
0.4890413284301758 266 648
0.5058941841125488 278 647
0.5222845077514648 288 645
0.539034366607666 299 650
0.5559220314025879 310 646
0.5723023414611816 321 646
0.5892038345336914 332 650
0.6061704158782959 344 646
0.6227617263793945 354 647
0.6396684646606445 365 644
0.6564493179321289 376 651
0.6731119155883789 387 644
0.6903076171875 397 648
0.7074618339538574 409 647
0.7234723567962646 419 646
0.7404253482818604 429 649
0.7575101852416992 441 647
0.7735402584075928 451 649
0.7904696464538574 462 645
0.8063700199127197 473 650
0.8227808475494385 484 645
0.8399519920349121 494 649
0.8555545806884766 505 648
0.8722753524780273 515 647
0.889244794845581 527 648
0.9051337242126465 537 646
0.9216630458831787 547 649
0.9385032653808594 557 644
0.9544603824615479 569 650
0.9710769653320312 580 646
0.9879019260406494 590 650
1.003654956817627 601 643
