0.00523829460144043 0 0
0.02183389663696289 -1 -7
0.03940248489379883 -3 -20
0.055312395095825195 -6 -179
0.07206296920776367 -10 -218
0.0896151065826416 -14 -262
0.10560822486877441 -19 -293
0.12234115600585938 -25 -320
0.13922333717346191 -30 -341
0.15522193908691406 -37 -354
0.17345452308654785 -43 -365
0.19153547286987305 -49 -376
0.20776152610778809 -56 -378
0.22386908531188965 -62 -383
0.2417621612548828 -68 -388
0.25783729553222656 -75 -391
0.2739114761352539 -81 -388
0.29108452796936035 -88 -389
0.30680418014526367 -94 -391
0.32322025299072266 -101 -396
0.33998870849609375 -107 -394
0.3558979034423828 -114 -394
0.37239527702331543 -120 -394
0.3893778324127197 -127 -398
0.4054384231567383 -133 -391
0.4221689701080322 -140 -394
0.4391920566558838 -146 -398
0.4550809860229492 -153 -395
0.4719266891479492 -160 -394
0.48882627487182617 -166 -395
0.5044741630554199 -173 -396
0.5213875770568848 -179 -393
0.5373058319091797 -186 -392
0.55381178855896 -192 -396
0.5711994171142578 -199 -397
0.5871152877807617 -205 -393
0.6039872169494629 -212 -395
0.621025562286377 -218 -398
0.6370315551757812 -225 -398
0.6534645557403564 -232 -392
0.6704320907592773 -238 -394
0.6862683296203613 -245 -397
0.7036950588226318 -251 -394
0.7210178375244141 -258 -393
0.7367820739746094 -265 -399
0.754237174987793 -271 -398
0.7712101936340332 -278 -392
0.7871019840240479 -285 -394
0.8044850826263428 -291 -396
0.8214566707611084 -297 -395
0.8373956680297852 -305 -391
0.8550608158111572 -312 -397
0.8717303276062012 -317 -399
0.8878061771392822 -325 -393
0.905296802520752 -331 -394
0.9218883514404297 -338 -398
0.9387407302856445 -344 -396
0.955538272857666 -351 -392
0.9721720218658447 -357 -396
0.9891536235809326 -365 -398
1.0061991214752197 -371 -394
