0.005921363830566406 0 0
0.022548437118530273 1 3
0.038413286209106445 1 16
0.05588102340698242 3 90
0.07257390022277832 5 80
0.08851861953735352 7 127
0.10592508316040039 10 144
0.12259340286254883 12 156
0.13854384422302246 15 164
0.15629363059997559 18 170
0.1730179786682129 21 173
0.18880963325500488 24 177
0.20630431175231934 27 180
0.22349762916564941 30 184
0.23926711082458496 33 184
0.2568042278289795 37 187
0.273876428604126 39 185
0.28951573371887207 43 188
0.3070223331451416 46 185
0.3239438533782959 49 185
0.3395066261291504 52 191
0.3569800853729248 55 185
0.3739464282989502 58 190
0.38950681686401367 61 189
0.4071006774902344 65 190
0.4243295192718506 68 189
0.44023990631103516 71 187
0.45761656761169434 74 190
0.47452521324157715 77 189
0.4904203414916992 81 189
0.506788969039917 83 190
0.5239741802215576 89 190
0.5559573173522949 93 187
0.5752284526824951 97 187
0.5975708961486816 101 190
0.6233720779418945 106 189
0.6514370441436768 111 186
0.6944918632507324 119 188
0.7262523174285889 125 188
0.7499985694885254 130 187
0.771970272064209 133 189
0.7900025844573975 138 190
0.8114502429962158 141 187
0.8275611400604248 144 187
0.8444535732269287 147 188
0.8608992099761963 151 190
0.8790853023529053 154 191
0.8962259292602539 157 192
0.9131340980529785 160 188
0.9289255142211914 163 189
0.9456629753112793 166 187
0.9626059532165527 169 191
0.9786107540130615 173 189
0.9951589107513428 176 189
1.01194167137146 179 192
