0.009397268295288086 0 0
0.031052827835083008 -1 -9
0.05068564414978027 -6 -254
0.07053303718566895 -13 -374
0.08832836151123047 -22 -463
0.10420775413513184 -30 -546
0.12304377555847168 -43 -620
0.14920330047607422 -59 -676
0.16547203063964844 -72 -703
0.18297386169433594 -84 -735
0.19971179962158203 -96 -752
0.21596193313598633 -110 -769
0.23222756385803223 -122 -778
0.2492682933807373 -135 -791
0.26499176025390625 -149 -797
0.2816798686981201 -162 -802
0.29871439933776855 -175 -808
0.31748151779174805 -190 -812
0.3335258960723877 -204 -816
0.35015153884887695 -218 -819
0.36698460578918457 -230 -821
0.382641077041626 -244 -823
0.39977240562438965 -257 -823
0.41599130630493164 -272 -823
0.4323546886444092 -285 -827
0.44937729835510254 -298 -828
0.46535229682922363 -313 -823
0.48178911209106445 -326 -826
0.49894022941589355 -340 -823
0.5145392417907715 -353 -829
0.5310788154602051 -368 -828
0.5519335269927979 -384 -824
0.5693023204803467 -398 -829
0.5851027965545654 -411 -827
0.6015486717224121 -424 -830
0.618535041809082 -439 -825
0.634279727935791 -452 -827
0.6509678363800049 -466 -829
0.6676626205444336 -478 -830
0.6836645603179932 -494 -832
0.7004191875457764 -507 -832
0.7173197269439697 -520 -830
0.7330713272094727 -534 -829
0.749828577041626 -547 -832
0.7660267353057861 -562 -832
0.7823266983032227 -575 -830
0.7993407249450684 -588 -831
0.815270185470581 -603 -826
0.8331854343414307 -616 -830
0.8498520851135254 -630 -828
0.8659961223602295 -644 -829
0.8827180862426758 -658 -829
0.899752140045166 -671 -826
0.9160075187683105 -686 -831
0.9320902824401855 -704 -833
0.9542086124420166 -718 -832
0.9710392951965332 -731 -833
0.9877519607543945 -754 -829
1.0237433910369873 -776 -831
