0.00506281852722168 0 0
0.021997690200805664 -1 -7
0.03770947456359863 -4 -193
0.05457639694213867 -9 -310
0.07123923301696777 -17 -447
0.08721494674682617 -27 -579
0.10384964942932129 -38 -672
0.1207423210144043 -50 -756
0.13648056983947754 -63 -820
0.15341687202453613 -79 -871
0.16955018043518066 -94 -916
0.18594145774841309 -109 -945
0.20292234420776367 -125 -968
0.2188243865966797 -143 -986
0.2352283000946045 -159 -1000
0.2521507740020752 -175 -1010
0.26799559593200684 -191 -1016
0.2845296859741211 -207 -1023
0.3012397289276123 -226 -1028
0.31747889518737793 -243 -1033
0.33444952964782715 -259 -1037
0.351285457611084 -275 -1038
0.3672757148742676 -294 -1038
0.3847792148590088 -311 -1039
0.4020504951477051 -329 -1040
0.4177403450012207 -346 -1040
0.43445825576782227 -363 -1039
0.4511234760284424 -382 -1044
0.4679250717163086 -399 -1044
0.4844977855682373 -415 -1043
0.5011916160583496 -434 -1042
0.518416166305542 -451 -1044
0.5348374843597412 -467 -1045
0.5516681671142578 -486 -1043
0.5686962604522705 -505 -1040
0.5853023529052734 -521 -1043
0.6024651527404785 -538 -1041
0.6194860935211182 -557 -1046
0.6357376575469971 -573 -1041
0.652794361114502 -593 -1041
0.6700754165649414 -609 -1043
0.6858727931976318 -626 -1040
0.7029290199279785 -645 -1043
0.7205245494842529 -661 -1044
0.7364640235900879 -678 -1044
0.7533526420593262 -697 -1044
0.7710473537445068 -713 -1047
0.7870216369628906 -732 -1046
0.8036022186279297 -749 -1043
0.8212497234344482 -766 -1044
0.8372488021850586 -785 -1047
0.8540573120117188 -801 -1047
0.8721137046813965 -820 -1047
0.8877344131469727 -837 -1049
0.9042172431945801 -854 -1050
0.9220688343048096 -873 -1047
0.9377360343933105 -889 -1052
0.9542512893676758 -906 -1050
0.9719948768615723 -925 -1051
0.987729549407959 -942 -1054
1.0042459964752197 -959 -1052
