0.005582571029663086 0 0
0.022312641143798828 -1 -2
0.039185523986816406 -1 -15
0.05514955520629883 -3 -77
0.07186222076416016 -5 -91
0.08823132514953613 -7 -120
0.10542583465576172 -10 -138
0.1220698356628418 -12 -151
0.13823390007019043 -15 -159
0.154679536819458 -17 -165
0.17182445526123047 -20 -167
0.18924689292907715 -23 -171
0.20485734939575195 -26 -171
0.2218031883239746 -29 -174
0.23770642280578613 -32 -176
0.25510120391845703 -35 -177
0.27181363105773926 -37 -181
0.28809523582458496 -41 -179
0.30515122413635254 -44 -180
0.3218820095062256 -47 -180
0.33809685707092285 -50 -182
0.3554108142852783 -53 -180
0.3720874786376953 -55 -180
0.3881711959838867 -59 -180
0.4099428653717041 -63 -179
0.4261441230773926 -66 -182
0.44287610054016113 -69 -180
0.4597761631011963 -73 -180
0.4819493293762207 -75 -179
0.4982168674468994 -79 -178
0.5143208503723145 -81 -180
0.531531572341919 -85 -178
0.5474109649658203 -88 -184
0.5640053749084473 -91 -177
0.5811150074005127 -93 -180
0.5967094898223877 -97 -178
0.6134026050567627 -99 -179
0.6302230358123779 -102 -182
0.6461036205291748 -105 -180
0.6627547740936279 -109 -182
0.6796314716339111 -111 -182
0.6964073181152344 -115 -179
0.7131493091583252 -117 -179
0.729832649230957 -120 -178
0.7458212375640869 -123 -181
0.7631371021270752 -127 -180
0.7798459529876709 -129 -178
0.7987105846405029 -133 -182
0.8147406578063965 -136 -181
0.8318872451782227 -139 -181
0.8492968082427979 -142 -182
0.865105390548706 -145 -177
0.8818683624267578 -148 -181
0.8980813026428223 -151 -178
0.9151260852813721 -154 -180
0.9318265914916992 -157 -182
0.9477441310882568 -160 -178
0.9651484489440918 -163 -181
0.981881856918335 -166 -178
0.9981174468994141 -169 -176
1.0155909061431885 -172 -180
