0.005284547805786133 0 0
0.021878957748413086 -1 -17
0.03972148895263672 -4 -158
0.05558657646179199 -9 -256
0.07216334342956543 -15 -342
0.09012007713317871 -21 -397
0.1062922477722168 -29 -446
0.12235546112060547 -37 -487
0.14022135734558105 -46 -516
0.15679121017456055 -55 -536
0.17252635955810547 -64 -551
0.1901412010192871 -73 -566
0.20630383491516113 -83 -573
0.2223958969116211 -93 -589
0.23936986923217773 -102 -588
0.25629472732543945 -113 -595
0.27235913276672363 -122 -599
0.2893683910369873 -132 -598
0.30492544174194336 -141 -606
0.32176637649536133 -151 -602
0.3389151096343994 -162 -607
0.35474371910095215 -172 -606
0.37160158157348633 -182 -609
0.3884916305541992 -193 -610
0.4043242931365967 -203 -608
0.4209001064300537 -212 -615
0.43786072731018066 -222 -608
0.45382142066955566 -233 -610
0.4705538749694824 -243 -610
0.4873683452606201 -253 -610
0.5032882690429688 -262 -612
0.5200262069702148 -272 -610
0.5363588333129883 -283 -614
0.5524890422821045 -293 -608
0.569521427154541 -303 -613
0.5855462551116943 -314 -612
0.6021692752838135 -323 -610
0.6197748184204102 -333 -612
0.6369695663452148 -344 -608
0.6533136367797852 -354 -613
0.670067548751831 -364 -612
0.6862607002258301 -375 -614
0.7033092975616455 -385 -614
0.7200214862823486 -395 -612
0.7362442016601562 -405 -614
0.753788948059082 -417 -610
0.7705287933349609 -426 -616
0.7873122692108154 -436 -610
0.8041236400604248 -447 -612
0.8207030296325684 -457 -611
0.8376486301422119 -468 -611
0.8542892932891846 -478 -611
0.8710322380065918 -487 -609
0.8879683017730713 -499 -613
0.904862642288208 -508 -609
0.9216747283935547 -518 -609
0.9383883476257324 -529 -612
0.9552676677703857 -539 -610
0.9716653823852539 -549 -611
0.9884030818939209 -560 -608
1.005277156829834 -571 -613
